Webots Project File version R2022a
perspectives: 000000ff00000000fd00000003000000000000000000000000fc0100000001fb0000001a0044006f00630075006d0065006e0074006100740069006f006e0000000000ffffffff000000000000000000000001000000770000038dfc0200000001fb0000001400540065007800740045006400690074006f007200000000160000038d0000004100ffffff000000030000065400000039fc0100000001fb0000001a0043006f006e0073006f006c00650041006c006c0041006c006c010000000000000654000000000000000000000654000003cf00000001000000020000000100000008fc00000000
simulationViewPerspectives: 000000ff0000000100000002000000fa000001b40100000002010000000100
sceneTreePerspectives: 000000ff0000000100000002000000c0000000fc0100000002010000000200
minimizedPerspectives: 000000ff00000000fd00000003000000000000000000000000fc0100000001fb0000001a0044006f00630075006d0065006e0074006100740069006f006e0000000000ffffffff000000000000000000000001000000770000038dfc0200000001fb0000001400540065007800740045006400690074006f007200000000160000038d0000004100ffffff000000030000032900000039fc0100000001fb0000001a0043006f006e0073006f006c00650041006c006c0041006c006c0100000000000003290000006900ffffff000003290000038d00000001000000020000000100000008fc00000000
maximizedDockId: 0
centralWidgetVisible: 1
projectionMode: PERSPECTIVE
orthographicViewHeight: 7.44492
textFiles: -1
renderingDevicePerspectives: basic robot:camera;1;0.363208;0;0
